n01 3 1,1,1,1,1,1,1,1,1
n02 5 1,1,1,1,1,1,1,1,1,1,1,1,1,1,1,1,1,1,1,1,1,1,1,1,1
n03 5 0,1,1,1,0,1,1,1,1,1,1,1,1,1,1,1,1,1,1,1,0,1,1,1,0
n04 3 1,1,1,1,2,1,1,1,1
n05 3 1,1,1,1,4,1,1,1,1
n06 3 1,1,1,1,12,1,1,1,1
n07 5 1,2,3,2,1,2,4,6,4,2,3,6,9,6,3,2,4,6,4,2,1,2,3,2,1
n08 5 0,0,1,0,0,0,2,2,2,0,1,2,5,2,1,0,2,2,2,0,0,0,1,0,0
n09 3 1,2,1,2,4,2,1,2,1
n10 5 1,1,2,1,1,1,2,4,2,1,2,4,8,4,2,1,2,4,2,1,1,1,2,1,1
n11 5 0,1,2,1,0,1,4,8,4,1,2,8,16,8,2,1,4,8,4,1,0,1,2,1,0
n12 5 1,4,7,4,1,4,16,26,16,4,7,26,41,26,7,4,26,16,26,4,1,4,7,4,1
n13 7 1,1,2,2,2,1,1,1,2,2,4,2,2,1,2,2,4,8,4,2,2,2,4,8,16,8,4,2,2,2,4,8,4,2,2,1,2,2,4,2,2,1,1,1,2,2,2,1,1
n14 3 -1,-1,-1,-1,9,-1,-1,-1,-1
n15 3 0,-1,0,-1,5,-1,0,-1,0
n16 3 1,-2,1,-2,5,-2,1,-2,1
n17 3 0,-1,0,-1,20,-1,0,-1,0
n18 3 0,0,0,-1,1,0,0,0,0
n19 3 0,-1,0,0,1,0,0,0,0
n20 3 -1,0,0,0,1,0,0,0,0
n21 3 0,0,-1,0,1,0,0,0,0
n22 3 -1,1,1,-1,-2,1,-1,1,1
n23 3 -1,-1,1,-1,-2,1,1,1,1
n24 3 -1,-1,-1,1,-2,1,1,1,1
n25 3 1,-1,-1,1,-2,-1,1,1,1
n26 3 1,1,-1,1,-2,-1,1,1,-1
n27 3 1,1,1,1,-2,-1,1,-1,-1
n28 3 1,1,1,1,-2,1,-1,-1,-1
n29 3 1,1,1,-1,-2,1,-1,-1,1
n30 3 -1,0,1,-1,1,1,-1,0,1
n31 3 -1,-1,0,-1,1,1,0,1,1
n32 3 -1,-1,-1,0,1,0,1,1,1
n33 3 0,-1,-1,1,1,-1,1,1,0
n34 3 1,0,-1,1,1,-1,1,0,-1
n35 3 1,1,0,1,1,-1,0,-1,-1
n36 3 1,1,1,0,1,0,-1,-1,-1
n37 3 0,1,1,-1,1,1,-1,-1,0
n38 3 0,-1,0,-1,4,-1,0,-1,0
n39 3 -1,-1,-1,-1,8,-1,-1,-1,-1
n40 3 1,-2,1,-2,4,-2,1,-2,1
n41 3 -1,0,-1,0,4,0,-1,0,-1
n42 3 0,-1,0,0,2,0,0,-1,0
n43 3 0,0,0,-1,2,-1,0,0,0
n44 3 1,2,1,0,0,0,-1,-2,-1
n45 3 1,0,-1,2,0,-2,1,0,-1
n46 3 -1,-1,-1,0,0,0,1,1,1
n47 3 1,0,-1,1,0,-1,1,0,-1